29 406 5
1 2 75
1 3 4110
1 4 3048
1 5 2267
1 6 974
1 7 4190
1 8 3302
1 9 4758
1 10 3044
1 11 3095
1 12 3986
1 13 5093
1 14 6406
1 15 5903
1 16 8436
1 17 6963
1 18 6694
1 19 6576
1 20 8009
1 21 7398
1 22 7266
1 23 7425
1 24 9639
1 25 9229
1 26 8320
1 27 9301
1 28 8102
1 29 7799
2 3 4070
2 4 2999
2 5 2214
2 6 901
2 7 4137
2 8 3239
2 9 4701
2 10 2970
2 11 3021
2 12 3914
2 13 5024
2 14 6337
2 15 5829
2 16 8368
2 17 6890
2 18 6620
2 19 6501
2 20 7938
2 21 7324
2 22 7192
2 23 7351
2 24 9570
2 25 9159
2 26 8248
2 27 9230
2 28 8029
2 29 7724
3 4 1172
3 5 1973
3 6 3496
3 7 891
3 8 1815
3 9 1415
3 10 3673
3 11 3777
3 12 2996
3 13 2876
3 14 3904
3 15 5056
3 16 5441
3 17 4990
3 18 5150
3 19 5316
3 20 5595
3 21 5726
3 22 5810
3 23 5857
3 24 6675
3 25 6465
3 26 6060
3 27 6522
3 28 6164
3 29 6163
4 5 817
4 6 2350
4 7 1172
4 8 995
4 9 1797
4 10 2648
4 11 2755
4 12 2315
4 13 2720
4 14 3972
4 15 4547
4 16 5802
4 17 4883
4 18 4886
4 19 4959
4 20 5695
4 21 5536
4 22 5545
4 23 5634
4 24 7044
4 25 6740
4 26 6110
4 27 6804
4 28 6090
4 29 5976
5 6 1533
5 7 1924
5 8 1188
5 9 2497
5 10 2208
5 11 2312
5 12 2324
5 13 3088
5 14 4400
5 15 4557
5 16 6341
5 17 5174
5 18 5071
5 19 5074
5 20 6094
5 21 5754
5 22 5711
5 23 5827
5 24 7572
5 25 7220
5 26 6471
5 27 7288
5 28 6373
5 29 6186
6 7 3417
6 8 2410
6 9 3935
6 10 2114
6 11 2175
6 12 3014
6 13 4141
6 14 5449
6 15 4955
6 16 7490
6 17 5989
6 18 5724
6 19 5615
6 20 7039
6 21 6429
6 22 6302
6 23 6458
6 24 8685
6 25 8267
6 26 7347
6 27 8338
6 28 7130
6 29 6832
7 8 1233
7 9 651
7 10 3086
7 11 3184
7 12 2202
7 13 1987
7 14 3064
7 15 4180
7 16 4734
7 17 4116
7 18 4261
7 19 4425
7 20 4775
7 21 4843
7 22 4921
7 23 4971
7 24 5977
7 25 5719
7 26 5227
7 27 5780
7 28 5301
7 29 5281
8 9 1586
8 10 1877
8 11 1979
8 12 1321
8 13 1900
8 14 3213
8 15 3556
8 16 5175
8 17 4005
8 18 3946
8 19 3992
8 20 4906
8 21 4615
8 22 4599
8 23 4700
8 24 6400
8 25 6037
8 26 5287
8 27 6105
8 28 5209
8 29 5051
9 10 3285
9 11 3374
9 12 2177
9 13 1576
9 14 2491
9 15 3884
9 16 4088
9 17 3600
9 18 3818
9 19 4029
9 20 4180
9 21 4356
9 22 4468
9 23 4497
9 24 5330
9 25 5083
9 26 4645
9 27 5143
9 28 4761
9 29 4787
10 11 107
10 12 1360
10 13 2674
10 14 3822
10 15 2864
10 16 5889
10 17 4089
10 18 3722
10 19 3560
10 20 5217
10 21 4421
10 22 4256
10 23 4428
10 24 7000
10 25 6513
10 26 5455
10 27 6587
10 28 5156
10 29 4801
11 12 1412
11 13 2724
11 14 3851
11 15 2824
11 16 5915
11 17 4087
11 18 3704
11 19 3530
11 20 5221
11 21 4401
11 22 4227
11 23 4402
11 24 7016
11 25 6523
11 26 5450
11 27 6597
11 28 5140
11 29 4776
12 13 1314
12 14 2510
12 15 2250
12 16 4583
12 17 2980
12 18 2777
12 19 2753
12 20 4031
12 21 3474
12 22 3402
12 23 3530
12 24 5733
12 25 5282
12 26 4334
12 27 5354
12 28 4142
12 29 3897
13 14 1322
13 15 2330
13 16 3350
13 17 2171
13 18 2274
13 19 2458
13 20 3007
13 21 2866
13 22 2934
13 23 2987
13 24 4547
13 25 4153
13 26 3399
13 27 4222
13 28 3375
13 29 3306
14 15 2350
14 16 2073
14 17 1203
14 18 1670
14 19 2041
14 20 1725
14 21 1998
14 22 2212
14 23 2172
14 24 3238
14 25 2831
14 26 2164
14 27 2901
14 28 2284
14 29 2397
15 16 3950
15 17 1740
15 18 1108
15 19 772
15 20 2880
15 21 1701
15 22 1450
15 23 1650
15 24 4780
15 25 4197
15 26 2931
15 27 4270
15 28 2470
15 29 2010
16 17 2221
16 18 2897
16 19 3324
16 20 1275
16 21 2651
16 22 3018
16 23 2837
16 24 1244
16 25 1088
16 26 1642
16 27 1129
16 28 2252
16 29 2773
17 18 683
17 19 1116
17 20 1173
17 21 796
17 22 1040
17 23 974
17 24 3063
17 25 2504
17 26 1367
17 27 2578
17 28 1207
17 29 1201
18 19 433
18 20 1776
18 21 705
18 22 663
18 23 756
18 24 3674
18 25 3089
18 26 1834
18 27 3162
18 28 1438
18 29 1120
19 20 2174
19 21 929
19 22 698
19 23 885
19 24 4064
19 25 3468
19 26 2177
19 27 3540
19 28 1698
19 29 1252
20 21 1400
20 22 1770
20 23 1577
20 24 1900
20 25 1331
20 26 510
20 27 1405
20 28 1002
20 29 1498
21 22 371
21 23 198
21 24 3222
21 25 2610
21 26 1285
21 27 2679
21 28 769
21 29 440
22 23 220
22 24 3583
22 25 2969
22 26 1638
22 27 3037
22 28 1070
22 29 560
23 24 3370
23 25 2754
23 26 1422
23 27 2822
23 28 851
23 29 374
24 25 620
24 26 1951
24 27 559
24 28 2580
24 29 3173
25 26 1333
25 27 75
25 28 1960
25 29 2553
26 27 1400
26 28 648
26 29 1230
27 28 2024
27 29 2616
28 29 593
