16 120 4
1 2 2781
1 3 3972
1 4 4539
1 5 7008
1 6 13777
1 7 8267
1 8 14636
1 9 8597
1 10 6830
1 11 8430
1 12 7046
1 13 7316
1 14 7742
1 15 9313
1 16 10143
2 3 3141
2 4 1764
2 5 4268
2 6 11618
2 7 5876
2 8 11967
2 9 5830
2 10 4378
2 11 6032
2 12 6036
2 13 5717
2 14 7577
2 15 8837
2 16 9258
3 4 3598
3 5 4995
3 6 14144
3 7 8342
3 8 13552
3 9 6579
3 10 3920
3 11 5192
3 12 3121
3 13 3399
3 14 4438
3 15 5733
3 16 6311
4 5 2524
4 6 10553
4 7 4746
4 8 10383
4 9 4066
4 10 2976
4 11 4600
4 12 5818
4 13 5056
4 14 7809
4 15 8791
4 16 8913
5 6 9878
5 7 4510
5 8 8580
5 9 1642
5 10 1733
5 11 2743
5 12 5940
5 13 4637
5 14 8326
5 15 8852
5 16 8527
6 7 5809
6 8 5147
6 9 9056
6 10 11605
6 11 12104
6 12 15794
6 13 14511
6 14 18106
6 15 18729
6 16 18348
7 8 6691
7 9 4380
7 10 6206
7 11 7139
7 12 10194
7 13 9055
7 14 12409
7 15 13177
7 16 12991
8 9 7117
8 10 10026
8 11 9799
8 12 14191
8 13 12683
8 14 16664
8 15 16823
8 16 16053
9 10 2909
9 11 3048
9 12 7121
9 13 5667
9 14 9579
9 15 9891
9 16 9344
10 11 1656
10 12 4257
10 13 2906
10 14 6689
10 15 7131
10 16 6799
11 12 4523
11 13 2963
11 14 6986
11 15 7024
11 16 6340
12 13 1563
12 14 2477
12 15 2994
12 16 3226
13 14 4024
13 15 4238
13 16 3947
14 15 1717
14 16 3074
15 16 1557
