96 4560 5
1 2 1690
1 3 2083
1 4 2397
1 5 2632
1 6 2709
1 7 2834
1 8 2922
1 9 3243
1 10 3535
1 11 3110
1 12 3774
1 13 4074
1 14 4019
1 15 4148
1 16 4742
1 17 5642
1 18 5871
1 19 5884
1 20 5759
1 21 5901
1 22 6378
1 23 5932
1 24 5721
1 25 5192
1 26 6611
1 27 6731
1 28 7137
1 29 882
1 30 656
1 31 759
1 32 925
1 33 2205
1 34 1625
1 35 1624
1 36 1224
1 37 1328
1 38 1691
1 39 2386
1 40 2565
1 41 2754
1 42 2807
1 43 2937
1 44 2396
1 45 2698
1 46 3407
1 47 3912
1 48 4110
1 49 3019
1 50 3442
1 51 3637
1 52 3684
1 53 3963
1 54 4687
1 55 3904
1 56 4683
1 57 4686
1 58 4816
1 59 5475
1 60 5522
1 61 6080
1 62 6099
1 63 6290
1 64 6788
1 65 7616
1 66 7185
1 67 7210
1 68 7244
1 69 4738
1 70 5212
1 71 6255
1 72 6385
1 73 6525
1 74 6813
1 75 6913
1 76 7190
1 77 7373
1 78 7494
1 79 3892
1 80 5849
1 81 5813
1 82 5984
1 83 6138
1 84 6852
1 85 7103
1 86 7120
1 87 7154
1 88 7586
1 89 7586
1 90 7439
1 91 6922
1 92 8368
1 93 8554
1 94 8483
1 95 9593
1 96 8880
2 3 525
2 4 760
2 5 969
2 6 1049
2 7 1198
2 8 1250
2 9 1624
2 10 1926
2 11 2110
2 12 2205
2 13 2524
2 14 2525
2 15 2723
2 16 3367
2 17 4304
2 18 4529
2 19 4575
2 20 4450
2 21 4753
2 22 5336
2 23 5045
2 24 4936
2 25 4445
2 26 5679
2 27 5986
2 28 6274
2 29 1115
2 30 1511
2 31 1635
2 32 1810
2 33 1791
2 34 1857
2 35 2073
2 36 2077
2 37 2194
2 38 2476
2 39 2807
2 40 2794
2 41 2980
2 42 2969
2 43 3023
2 44 2270
2 45 2385
2 46 3009
2 47 3420
2 48 3570
2 49 3077
2 50 3359
2 51 3846
2 52 3683
2 53 3875
2 54 4405
2 55 4021
2 56 4775
2 57 4779
2 58 4703
2 59 5446
2 60 5246
2 61 5831
2 62 5793
2 63 5895
2 64 6355
2 65 6996
2 66 6791
2 67 6884
2 68 6935
2 69 5032
2 70 5551
2 71 6293
2 72 6441
2 73 6652
2 74 7058
2 75 7051
2 76 7201
2 77 7495
2 78 7811
2 79 4942
2 80 7208
2 81 6433
2 82 6534
2 83 6817
2 84 7263
2 85 7495
2 86 7526
2 87 7662
2 88 8025
2 89 8159
2 90 8057
2 91 7672
2 92 8442
2 93 8457
2 94 8184
2 95 9403
2 96 8304
3 4 784
3 5 876
3 6 948
3 7 1123
3 8 1085
3 9 1528
3 10 1821
3 11 2391
3 12 2132
3 13 2454
3 14 2505
3 15 2745
3 16 3397
3 17 4328
3 18 4547
3 19 4610
3 20 4487
3 21 4863
3 22 5479
3 23 5253
3 24 5181
3 25 4713
3 26 5859
3 27 6223
3 28 6467
3 29 1621
3 30 2001
3 31 2134
3 32 2318
3 33 2252
3 34 2378
3 35 2597
3 36 2595
3 37 2713
3 38 3000
3 39 3322
3 40 3296
3 41 3478
3 42 3461
3 43 3506
3 44 2749
3 45 2830
3 46 3413
3 47 3788
3 48 3922
3 49 3555
3 50 3810
3 51 4328
3 52 4139
3 53 4314
3 54 4796
3 55 4488
3 56 5227
3 57 5231
3 58 5121
3 59 5869
3 60 5623
3 61 6205
3 62 6154
3 63 6234
3 64 6677
3 65 7257
3 66 7117
3 67 7226
3 68 7280
3 69 5510
3 70 6030
3 71 6718
3 72 6868
3 73 7089
3 74 7512
3 75 7487
3 76 7613
3 77 7924
3 78 8270
3 79 5467
3 80 7720
3 81 6937
3 82 7030
3 83 7324
3 84 7739
3 85 7967
3 86 8000
3 87 8148
3 88 8500
3 89 8650
3 90 8554
3 91 8183
3 92 8854
3 93 8834
3 94 8517
3 95 9749
3 96 8561
4 5 247
4 6 317
4 7 442
4 8 537
4 9 866
4 10 1167
4 11 1648
4 12 1447
4 13 1767
4 14 1780
4 15 1996
4 16 2647
4 17 3583
4 18 3806
4 19 3860
4 20 3736
4 21 4087
4 22 4698
4 23 4471
4 24 4405
4 25 3945
4 26 5075
4 27 5444
4 28 5684
4 29 1676
4 30 2089
4 31 2181
4 32 2314
4 33 1751
4 34 2114
4 35 2367
4 36 2517
4 37 2619
4 38 2829
4 39 2970
4 40 2874
4 41 3035
4 42 2997
4 43 3010
4 44 2267
4 45 2267
4 46 2765
4 47 3093
4 48 3210
4 49 3045
4 50 3232
4 51 3815
4 52 3567
4 53 3705
4 54 4114
4 55 3935
4 56 4633
4 57 4638
4 58 4473
4 59 5221
4 60 4920
4 61 5497
4 62 5436
4 63 5497
4 64 5929
4 65 6482
4 66 6370
4 67 6489
4 68 6545
4 69 4971
4 70 5487
4 71 6068
4 72 6220
4 73 6455
4 74 6903
4 75 6848
4 76 6939
4 77 7273
4 78 7668
4 79 5233
4 80 7605
4 81 6468
4 82 6533
4 83 6869
4 84 7177
4 85 7394
4 86 7431
4 87 7611
4 88 7931
4 89 8125
4 90 8047
4 91 7736
4 92 8176
4 93 8119
4 94 7771
4 95 9009
4 96 7784
5 6 81
5 7 249
5 8 293
5 9 670
5 10 971
5 11 1702
5 12 1270
5 13 1592
5 14 1631
5 15 1870
5 16 2522
5 17 3453
5 18 3672
5 19 3734
5 20 3611
5 21 3998
5 22 4623
5 23 4433
5 24 4389
5 25 3946
5 26 5018
5 27 5419
5 28 5633
5 29 1922
5 30 2335
5 31 2427
5 32 2560
5 33 1935
5 34 2341
5 35 2597
5 36 2760
5 37 2860
5 38 3063
5 39 3176
5 40 3066
5 41 3220
5 42 3177
5 43 3181
5 44 2449
5 45 2421
5 46 2875
5 47 3171
5 48 3275
5 49 3210
5 50 3372
5 51 3974
5 52 3706
5 53 3828
5 54 4196
5 55 4079
5 56 4759
5 57 4763
5 58 4572
5 59 5318
5 60 4985
5 61 5557
5 62 5486
5 63 5532
5 64 5951
5 65 6466
5 66 6393
5 67 6521
5 68 6579
5 69 5116
5 70 5630
5 71 6162
5 72 6313
5 73 6556
5 74 7014
5 75 6946
5 76 7017
5 77 7363
5 78 7780
5 79 5452
5 80 7836
5 81 6633
5 82 6689
5 83 7036
5 84 7308
5 85 7519
5 86 7558
5 87 7750
5 88 8058
5 89 8268
5 90 8196
5 91 7904
5 92 8249
5 93 8168
5 94 7792
5 95 9034
5 96 7760
6 7 176
6 8 221
6 9 591
6 10 892
6 11 1681
6 12 1193
6 13 1515
6 14 1558
6 15 1801
6 16 2452
6 17 3381
6 18 3600
6 19 3663
6 20 3541
6 21 3934
6 22 4563
6 23 4381
6 24 4343
6 25 3906
6 26 4962
6 27 5370
6 28 5577
6 29 1992
6 30 2405
6 31 2495
6 32 2624
6 33 1960
6 34 2388
6 35 2645
6 36 2819
6 37 2918
6 38 3114
6 39 3211
6 40 3093
6 41 3244
6 42 3199
6 43 3199
6 44 2472
6 45 2433
6 46 2870
6 47 3155
6 48 3254
6 49 3226
6 50 3377
6 51 3987
6 52 3711
6 53 3827
6 54 4180
6 55 4086
6 56 4757
6 57 4762
6 58 4562
6 59 5306
6 60 4963
6 61 5532
6 62 5459
6 63 5500
6 64 5915
6 65 6418
6 66 6357
6 67 6487
6 68 6546
6 69 5122
6 70 5635
6 71 6148
6 72 6300
6 73 6545
6 74 7007
6 75 6933
6 76 6998
6 77 7348
6 78 7773
6 79 5492
6 80 7884
6 81 6646
6 82 6698
6 83 7051
6 84 7307
6 85 7517
6 86 7556
6 87 7752
6 88 8055
6 89 8271
6 90 8202
6 91 7918
6 92 8228
6 93 8139
6 94 7755
6 95 8998
6 96 7711
7 8 205
7 9 428
7 10 730
7 11 1566
7 12 1023
7 13 1346
7 14 1383
7 15 1625
7 16 2276
7 17 3206
7 18 3425
7 19 3488
7 20 3366
7 21 3760
7 22 4391
7 23 4217
7 24 4185
7 25 3755
7 26 4793
7 27 5208
7 28 5409
7 29 2089
7 30 2500
7 31 2582
7 32 2701
7 33 1938
7 34 2416
7 35 2676
7 36 2878
7 37 2973
7 38 3151
7 39 3204
7 40 3070
7 41 3214
7 42 3163
7 43 3154
7 44 2443
7 45 2380
7 46 2780
7 47 3043
7 48 3134
7 49 3177
7 50 3305
7 51 3929
7 52 3639
7 53 3741
7 54 4067
7 55 4016
7 56 4671
7 57 4675
7 58 4458
7 59 5200
7 60 4839
7 61 5404
7 62 5327
7 63 5361
7 64 5770
7 65 6259
7 66 6212
7 67 6346
7 68 6405
7 69 5051
7 70 5560
7 71 6039
7 72 6190
7 73 6439
7 74 6908
7 75 6825
7 76 6879
7 77 7235
7 78 7674
7 79 5497
7 80 7906
7 81 6587
7 82 6632
7 83 6994
7 84 7221
7 85 7427
7 86 7467
7 87 7671
7 88 7965
7 89 8193
7 90 8129
7 91 7861
7 92 8105
7 93 8003
7 94 7608
7 95 8852
7 96 7549
8 9 455
8 10 738
8 11 1760
8 12 1054
8 13 1373
8 14 1444
8 15 1707
8 16 2352
8 17 3271
8 18 3485
8 19 3556
8 20 3435
8 21 3860
8 22 4500
8 23 4353
8 24 4334
8 25 3915
8 26 4914
8 27 5349
8 28 5533
8 29 2212
8 30 2626
8 31 2716
8 32 2844
8 33 2137
8 34 2594
8 35 2853
8 36 3036
8 37 3134
8 38 3325
8 39 3399
8 40 3270
8 41 3415
8 42 3365
8 43 3358
8 44 2644
8 45 2584
8 46 2981
8 47 3237
8 48 3324
8 49 3381
8 50 3510
8 51 4134
8 52 3843
8 53 3943
8 54 4260
8 55 4220
8 56 4873
8 57 4877
8 58 4655
8 59 5396
8 60 5025
8 61 5587
8 62 5507
8 63 5534
8 64 5936
8 65 6403
8 66 6378
8 67 6516
8 68 6576
8 69 5255
8 70 5764
8 71 6232
8 72 6384
8 73 6635
8 74 7105
8 75 7019
8 76 7067
8 77 7426
8 78 7872
8 79 5687
8 80 8089
8 81 6792
8 82 6836
8 83 7199
8 84 7423
8 85 7627
8 86 7668
8 87 7874
8 88 8166
8 89 8396
8 90 8333
8 91 8066
8 92 8290
8 93 8179
8 94 7771
8 95 9016
8 96 7687
9 10 303
9 11 1521
9 12 605
9 13 927
9 14 990
9 15 1256
9 16 1898
9 17 2816
9 18 3030
9 19 3101
9 20 2981
9 21 3412
9 22 4057
9 23 3933
9 24 3933
9 25 3535
9 26 4479
9 27 4933
9 28 5099
9 29 2470
9 30 2876
9 31 2947
9 32 3050
9 33 2122
9 34 2690
9 35 2951
9 36 3201
9 37 3287
9 38 3433
9 39 3402
9 40 3234
9 41 3359
9 42 3296
9 43 3266
9 44 2601
9 45 2481
9 46 2777
9 47 2972
9 48 3035
9 49 3278
9 50 3348
9 51 4002
9 52 3673
9 53 3740
9 54 3980
9 55 4055
9 56 4660
9 57 4664
9 58 4399
9 59 5128
9 60 4712
9 61 5261
9 62 5171
9 63 5178
9 64 5563
9 65 5991
9 66 6002
9 67 6151
9 68 6213
9 69 5077
9 70 5575
9 71 5951
9 72 6103
9 73 6362
9 74 6848
9 75 6739
9 76 6757
9 77 7132
9 78 7611
9 79 5702
9 80 8141
9 81 6641
9 82 6665
9 83 7051
9 84 7197
9 85 7392
9 86 7435
9 87 7662
9 88 7928
9 89 8186
9 90 8137
9 91 7914
9 92 7967
9 93 7824
9 94 7389
9 95 8632
9 96 7266
10 11 1560
10 12 323
10 13 636
10 14 734
10 15 1022
10 16 1644
10 17 2546
10 18 2757
10 19 2833
10 20 2715
10 21 3176
10 22 3830
10 23 3745
10 24 3771
10 25 3400
10 26 4267
10 27 4750
10 28 4888
10 29 2748
10 30 3150
10 31 3214
10 32 3308
10 33 2291
10 34 2905
10 35 3166
10 36 3442
10 37 3523
10 38 3649
10 39 3564
10 40 3376
10 41 3488
10 42 3418
10 43 3374
10 44 2746
10 45 2592
10 46 2813
10 47 2955
10 48 2997
10 49 3378
10 50 3407
10 51 4076
10 52 3724
10 53 3766
10 54 3943
10 55 4106
10 56 4672
10 57 4676
10 58 4379
10 59 5093
10 60 4639
10 61 5174
10 62 5075
10 63 5062
10 64 5428
10 65 5809
10 66 5864
10 67 6022
10 68 6086
10 69 5113
10 70 5600
10 71 5902
10 72 6053
10 73 6319
10 74 6815
10 75 6688
10 76 6681
10 77 7068
10 78 7574
10 79 5859
10 80 8311
10 81 6689
10 82 6698
10 83 7101
10 84 7189
10 85 7374
10 86 7420
10 87 7661
10 88 7908
10 89 8188
10 90 8148
10 91 7958
10 92 7874
10 93 7703
10 94 7239
10 95 8480
10 96 7070
11 12 1500
11 13 1608
11 14 1410
11 15 1342
11 16 1762
11 17 2581
11 18 2805
11 19 2800
11 20 2679
11 21 2794
11 22 3307
11 23 2951
11 24 2827
11 25 2337
11 26 3603
11 27 3877
11 28 4183
11 29 2231
11 30 2517
11 31 2501
11 32 2491
11 33 1071
11 34 1831
11 35 2053
11 36 2478
11 37 2512
11 38 2497
11 39 2181
11 40 1936
11 41 2010
11 42 1926
11 43 1858
11 44 1355
11 45 1108
11 46 1258
11 47 1478
11 48 1573
11 49 1849
11 50 1847
11 51 2520
11 52 2165
11 53 2220
11 54 2501
11 55 2547
11 56 3140
11 57 3144
11 58 2897
11 59 3636
11 60 3284
11 61 3856
11 62 3790
11 63 3850
11 64 4287
11 65 4888
11 66 4728
11 67 4842
11 68 4898
11 69 3560
11 70 4055
11 71 4473
11 72 4625
11 73 4875
11 74 5348
11 75 5260
11 76 5318
11 77 5669
11 78 6114
11 79 4407
11 80 6872
11 81 5132
11 82 5148
11 83 5543
11 84 5681
11 85 5879
11 86 5922
11 87 6142
11 88 6417
11 89 6667
11 90 6616
11 91 6402
11 92 6548
11 93 6473
11 94 6128
11 95 7364
11 96 6196
12 13 323
12 14 418
12 15 715
12 16 1324
12 17 2224
12 18 2435
12 19 2511
12 20 2393
12 21 2860
12 22 3517
12 23 3453
12 24 3495
12 25 3146
12 26 3960
12 27 4458
12 28 4581
12 29 2959
12 30 3351
12 31 3403
12 32 3480
12 33 2355
12 34 3019
12 35 3276
12 36 3589
12 37 3662
12 38 3757
12 39 3604
12 40 3393
12 41 3488
12 42 3411
12 43 3352
12 44 2775
12 45 2584
12 46 2720
12 47 2808
12 48 2829
12 49 3347
12 50 3332
12 51 4012
12 52 3638
12 53 3653
12 54 3768
12 55 4017
12 56 4540
12 57 4544
12 58 4217
12 59 4916
12 60 4430
12 61 4951
12 62 4844
12 63 4816
12 64 5167
12 65 5517
12 66 5600
12 67 5765
12 68 5830
12 69 5003
12 70 5478
12 71 5709
12 72 5858
12 73 6130
12 74 6634
12 75 6491
12 76 6462
12 77 6858
12 78 7387
12 79 5879
12 80 8342
12 81 6586
12 82 6580
12 83 6997
12 84 7029
12 85 7206
12 86 7253
12 87 7508
12 88 7735
12 89 8034
12 90 8005
12 91 7846
12 92 7641
12 93 7448
12 94 6965
12 95 8203
12 96 6770
13 14 237
13 15 514
13 16 1046
13 17 1920
13 18 2126
13 19 2208
13 20 2092
13 21 2588
13 22 3252
13 23 3232
13 24 3301
13 25 2989
13 26 3708
13 27 4234
13 28 4328
13 29 3247
13 30 3633
13 31 3677
13 32 3744
13 33 2549
13 34 3244
13 35 3497
13 36 3835
13 37 3901
13 38 3974
13 39 3768
13 40 3538
13 41 3618
13 42 3534
13 43 3462
13 44 2936
13 45 2714
13 46 2766
13 47 2794
13 48 2791
13 49 3449
13 50 3391
13 51 4076
13 52 3683
13 53 3669
13 54 3712
13 55 4055
13 56 4529
13 57 4533
13 58 4174
13 59 4850
13 60 4328
13 61 4828
13 62 4712
13 63 4663
13 64 4990
13 65 5290
13 66 5418
13 67 5592
13 68 5659
13 69 5013
13 70 5472
13 71 5621
13 72 5768
13 73 6046
13 74 6558
13 75 6396
13 76 6340
13 77 6747
13 78 7302
13 79 6015
13 80 8480
13 81 6597
13 82 6575
13 83 7007
13 84 6977
13 85 7143
13 86 7192
13 87 7462
13 88 7666
13 89 7986
13 90 7968
13 91 7845
13 92 7498
13 93 7276
13 94 6766
13 95 7997
13 96 6526
14 15 303
14 16 912
14 17 1827
14 18 2043
14 19 2112
14 20 1991
14 21 2443
14 22 3100
14 23 3044
14 24 3097
14 25 2770
14 26 3543
14 27 4048
14 28 4164
14 29 3173
14 30 3548
14 31 3583
14 32 3637
14 33 2389
14 34 3103
14 35 3351
14 36 3709
14 37 3770
14 38 3823
14 39 3584
14 40 3345
14 41 3418
14 42 3332
14 43 3255
14 44 2753
14 45 2518
14 46 2542
14 47 2560
14 48 2555
14 49 3239
14 50 3167
14 51 3853
14 52 3456
14 53 3438
14 54 3476
14 55 3827
14 56 4294
14 57 4298
14 58 3938
14 59 4615
14 60 4096
14 61 4601
14 62 4487
14 63 4444
14 64 4780
14 65 5106
14 66 5210
14 67 5381
14 68 5447
14 69 4780
14 70 5237
14 71 5388
14 72 5536
14 73 5812
14 74 6324
14 75 6164
14 76 6113
14 77 6518
14 78 7069
14 79 5814
14 80 8278
14 81 6364
14 82 6341
14 83 6774
14 84 6741
14 85 6908
14 86 6957
14 87 7226
14 88 7432
14 89 7751
14 90 7732
14 91 7610
14 92 7277
14 93 7064
14 94 6567
14 95 7802
14 96 6355
15 16 652
15 17 1587
15 18 1810
15 19 1866
15 20 1743
15 21 2158
15 22 2809
15 23 2741
15 24 2796
15 25 2475
15 26 3247
15 27 3745
15 28 3868
15 29 3285
15 30 3643
15 31 3664
15 32 3701
15 33 2379
15 34 3119
15 35 3358
15 36 3745
15 37 3796
15 38 3819
15 39 3519
15 40 3263
15 41 3319
15 42 3228
15 43 3138
15 44 2697
15 45 2433
15 46 2376
15 47 2344
15 48 2322
15 49 3114
15 50 3004
15 51 3688
15 52 3278
15 53 3237
15 54 3226
15 55 3641
15 56 4070
15 57 4074
15 58 3694
15 59 4356
15 60 3821
15 61 4316
15 62 4199
15 63 4150
15 64 4481
15 65 4804
15 66 4910
15 67 5082
15 68 5148
15 69 4568
15 70 5014
15 71 5118
15 72 5264
15 73 5543
15 74 6058
15 75 5890
15 76 5828
15 77 6237
15 78 6798
15 79 5704
15 80 8161
15 81 6149
15 82 6115
15 83 6557
15 84 6486
15 85 6648
15 86 6698
15 87 6975
15 88 7168
15 89 7498
15 90 7485
15 91 7385
15 92 6984
15 93 6765
15 94 6264
15 95 7499
15 96 6055
16 17 938
16 18 1163
16 19 1214
16 20 1091
16 21 1542
16 22 2207
16 23 2231
16 24 2349
16 25 2127
16 26 2669
16 27 3221
16 28 3287
16 29 3867
16 30 4206
16 31 4213
16 32 4228
16 33 2832
16 34 3592
16 35 3814
16 36 4236
16 37 4273
16 38 4251
16 39 3853
16 40 3572
16 41 3594
16 42 3494
16 43 3380
16 44 3067
16 45 2763
16 46 2534
16 47 2365
16 48 2285
16 49 3341
16 50 3144
16 51 3806
16 52 3371
16 53 3270
16 54 3094
16 55 3705
16 56 4009
16 57 4012
16 58 3573
16 59 4166
16 60 3561
16 61 4001
16 62 3865
16 63 3771
16 64 4049
16 65 4270
16 66 4463
16 67 4652
16 68 4721
16 69 4540
16 70 4940
16 71 4865
16 72 5004
16 73 5291
16 74 5816
16 75 5611
16 76 5495
16 77 5922
16 78 6529
16 79 5917
16 80 8338
16 81 6089
16 82 6022
16 83 6487
16 84 6288
16 85 6426
16 86 6479
16 87 6783
16 88 6928
16 89 7296
16 90 7307
16 91 7280
16 92 6598
16 93 6326
16 94 5777
16 95 6996
16 96 5489
17 18 229
17 19 289
17 20 182
17 21 845
17 22 1485
17 23 1758
17 24 2006
17 25 2011
17 26 1989
17 27 2640
17 28 2573
17 29 4763
17 30 5083
17 31 5077
17 32 5072
17 33 3634
17 34 4394
17 35 4596
17 36 5046
17 37 5070
17 38 5002
17 39 4512
17 40 4211
17 41 4195
17 42 4090
17 43 3956
17 44 3786
17 45 3455
17 46 3066
17 47 2757
17 48 2616
17 49 3900
17 50 3615
17 51 4216
17 52 3773
17 53 3602
17 54 3214
17 55 4053
17 56 4173
17 57 4176
17 58 3677
17 59 4134
17 60 3454
17 61 3777
17 62 3617
17 63 3449
17 64 3617
17 65 3632
17 66 3987
17 67 4204
17 68 4275
17 69 4726
17 70 5048
17 71 4706
17 72 4830
17 73 5119
17 74 5644
17 75 5386
17 76 5185
17 77 5631
17 78 6297
17 79 6382
17 80 8710
17 81 6180
17 82 6068
17 83 6555
17 84 6169
17 85 6269
17 86 6325
17 87 6662
17 88 6731
17 89 7151
17 90 7195
17 91 7277
17 92 6176
17 93 5819
17 94 5196
17 95 6369
17 96 4762
18 19 147
18 20 169
18 21 802
18 22 1388
18 23 1745
18 24 2025
18 25 2088
18 26 1896
18 27 2570
18 28 2458
18 29 4991
18 30 5309
18 31 5302
18 32 5295
18 33 3854
18 34 4613
18 35 4812
18 36 5265
18 37 5287
18 38 5214
18 39 4710
18 40 4408
18 41 4385
18 42 4279
18 43 4143
18 44 3995
18 45 3662
18 46 3252
18 47 2922
18 48 2772
18 49 4085
18 50 3786
18 51 4373
18 52 3931
18 53 3748
18 54 3321
18 55 4198
18 56 4281
18 57 4284
18 58 3776
18 59 4197
18 60 3506
18 61 3796
18 62 3632
18 63 3446
18 64 3582
18 65 3533
18 66 3936
18 67 4158
18 68 4230
18 69 4834
18 70 5137
18 71 4734
18 72 4853
18 73 5141
18 74 5664
18 75 5394
18 76 5172
18 77 5620
18 78 6298
18 79 6541
18 80 8844
18 81 6260
18 82 6138
18 83 6627
18 84 6200
18 85 6289
18 86 6346
18 87 6690
18 88 6739
18 89 7170
18 90 7222
18 91 7331
18 92 6128
18 93 5748
18 94 5106
18 95 6261
18 96 4628
19 20 126
19 21 656
19 22 1246
19 23 1600
19 24 1884
19 25 1964
19 26 1754
19 27 2425
19 28 2320
19 29 5002
19 30 5312
19 31 5300
19 32 5287
19 33 3838
19 34 4594
19 35 4788
19 36 5247
19 37 5265
19 38 5180
19 39 4660
19 40 4355
19 41 4326
19 42 4219
19 43 4080
19 44 3960
19 45 3623
19 46 3188
19 47 2842
19 48 2686
19 49 4020
19 50 3709
19 51 4285
19 52 3845
19 53 3653
19 54 3207
19 55 4103
19 56 4165
19 57 4168
19 58 3657
19 59 4066
19 60 3372
19 61 3655
19 62 3489
19 63 3301
19 64 3435
19 65 3393
19 66 3790
19 67 4012
19 68 4083
19 69 4719
19 70 5013
19 71 4594
19 72 4712
19 73 5000
19 74 5522
19 75 5250
19 76 5026
19 77 5474
19 78 6153
19 79 6452
19 80 8739
19 81 6133
19 82 6007
19 83 6497
19 84 6059
19 85 6147
19 86 6204
19 87 6549
19 88 6595
19 89 7027
19 90 7081
19 91 7195
19 92 5981
19 93 5603
19 94 4964
19 95 6123
19 96 4498
20 21 684
20 22 1309
20 23 1614
20 24 1881
20 25 1926
20 26 1815
20 27 2473
20 28 2395
20 29 4878
20 30 5190
20 31 5178
20 32 5167
20 33 3720
20 34 4477
20 35 4672
20 36 5129
20 37 5149
20 38 5068
20 39 4555
20 40 4251
20 41 4226
20 42 4120
20 43 3982
20 44 3848
20 45 3513
20 46 3091
20 47 2756
20 48 2605
20 49 3924
20 50 3621
20 51 4205
20 52 3764
20 53 3579
20 54 3155
20 55 4030
20 56 4114
20 57 4117
20 58 3611
20 59 4040
20 60 3352
20 61 3654
20 62 3491
20 63 3313
20 64 3465
20 65 3458
20 66 3829
20 67 4048
20 68 4119
20 69 4668
20 70 4974
20 71 4588
20 72 4710
20 73 4998
20 74 5522
20 75 5257
20 76 5045
20 77 5491
20 78 6164
20 79 6373
20 80 8675
20 81 6099
20 82 5979
20 83 6468
20 84 6054
20 85 6147
20 86 6204
20 87 6545
20 88 6602
20 89 7028
20 90 7077
20 91 7177
20 92 6019
20 93 5653
20 94 5024
20 95 6193
20 96 4581
21 22 671
21 23 946
21 24 1246
21 25 1408
21 26 1159
21 27 1795
21 28 1764
21 29 5024
21 30 5292
21 31 5258
21 32 5215
21 33 3755
21 34 4485
21 35 4649
21 36 5130
21 37 5131
21 38 4998
21 39 4405
21 40 4095
21 41 4036
21 42 3930
21 43 3780
21 44 3786
21 45 3440
21 46 2904
21 47 2488
21 48 2306
21 49 3711
21 50 3352
21 51 3867
21 52 3438
21 53 3214
21 54 2678
21 55 3654
21 56 3625
21 57 3627
21 58 3105
21 59 3456
21 60 2754
21 61 3008
21 62 2841
21 63 2647
21 64 2783
21 65 2799
21 66 3145
21 67 3364
21 68 3435
21 69 4175
21 70 4434
21 71 3950
21 72 4066
21 73 4352
21 74 4873
21 75 4597
21 76 4370
21 77 4818
21 78 5498
21 79 6017
21 80 8225
21 81 5535
21 82 5397
21 83 5890
21 84 5415
21 85 5497
21 86 5555
21 87 5903
21 88 5941
21 89 6377
21 90 6434
21 91 6566
21 92 5336
21 93 4974
21 94 4355
21 95 5539
21 96 3967
22 23 670
22 24 1037
22 25 1432
22 26 508
22 27 1195
22 28 1095
22 29 5514
22 30 5749
22 31 5699
22 32 5635
22 33 4190
22 34 4886
22 35 5023
22 36 5514
22 37 5500
22 38 5326
22 39 4675
22 40 4366
22 41 4279
22 42 4175
22 43 4017
22 44 4146
22 45 3801
22 46 3188
22 47 2717
22 48 2515
22 49 3940
22 50 3538
22 51 3959
22 52 3559
22 53 3297
22 54 2642
22 55 3710
22 56 3529
22 57 3530
22 58 3003
22 59 3208
22 60 2501
22 61 2631
22 62 2455
22 63 2212
22 64 2253
22 65 2149
22 66 2575
22 67 2805
22 68 2876
22 69 4058
22 70 4240
22 71 3573
22 72 3672
22 73 3950
22 74 4454
22 75 4151
22 76 3875
22 77 4324
22 78 5026
22 79 6042
22 80 8106
22 81 5282
22 82 5115
22 83 5608
22 84 5018
22 85 5073
22 86 5131
22 87 5492
22 88 5482
22 89 5941
22 90 6018
22 91 6218
22 92 4761
22 93 4363
22 94 3718
22 95 4884
22 96 3297
23 24 368
23 25 805
23 26 682
23 27 1005
23 28 1232
23 29 5089
23 30 5287
23 31 5223
23 32 5139
23 33 3728
23 34 4382
23 35 4497
23 36 4990
23 37 4966
23 38 4766
23 39 4086
23 40 3781
23 41 3679
23 42 3577
23 43 3418
23 44 3621
23 45 3283
23 46 2628
23 47 2135
23 48 1929
23 49 3338
23 50 2921
23 51 3306
23 52 2917
23 53 2647
23 54 1974
23 55 3051
23 56 2861
23 57 2862
23 58 2335
23 59 2574
23 60 1865
23 61 2069
23 62 1900
23 63 1702
23 64 1866
23 65 2064
23 66 2255
23 67 2461
23 68 2532
23 69 3393
23 70 3591
23 71 3014
23 72 3126
23 73 3411
23 74 3930
23 75 3652
23 76 3431
23 77 3877
23 78 4554
23 79 5375
23 80 7446
23 81 4656
23 82 4502
23 83 4996
23 84 4476
23 85 4554
23 86 4611
23 87 4962
23 88 4996
23 89 5433
23 90 5493
23 91 5643
23 92 4432
23 93 4111
23 94 3547
23 95 4769
23 96 3335
24 25 530
24 26 966
24 27 1050
24 28 1418
24 29 4897
24 30 5071
24 31 4998
24 32 4901
24 33 3522
24 34 4144
24 35 4242
24 36 4735
24 37 4704
24 38 4486
24 39 3789
24 40 3487
24 41 3375
24 42 3275
24 43 3116
24 44 3372
24 45 3043
24 46 2363
24 47 1859
24 48 1652
24 49 3034
24 50 2606
24 51 2959
24 52 2581
24 53 2303
24 54 1612
24 55 2698
24 56 2494
24 57 2495
24 58 1968
24 59 2225
24 60 1517
24 61 1773
24 62 1611
24 63 1453
24 64 1701
24 65 2079
24 66 2120
24 67 2305
24 68 2373
24 69 3027
24 70 3232
24 71 2710
24 72 2829
24 73 3117
24 74 3641
24 75 3380
24 76 3195
24 77 3636
24 78 4292
24 79 5012
24 80 7081
24 81 4308
24 82 4161
24 83 4654
24 84 4175
24 85 4266
24 86 4323
24 87 4666
24 88 4725
24 89 5148
24 90 5198
24 91 5321
24 92 4254
24 93 3982
24 94 3471
24 95 4710
24 96 3380
25 26 1471
25 27 1560
25 28 1947
25 29 4371
25 30 4542
25 31 4468
25 32 4372
25 33 2994
25 34 3615
25 35 3716
25 36 4209
25 37 4180
25 38 3969
25 39 3283
25 40 2978
25 41 2875
25 42 2773
25 43 2614
25 44 2845
25 45 2514
25 46 1838
25 47 1338
25 48 1131
25 49 2534
25 50 2118
25 51 2531
25 52 2128
25 53 1869
25 54 1272
25 55 2291
25 56 2218
25 57 2220
25 58 1701
25 59 2126
25 60 1463
25 61 1874
25 62 1741
25 63 1675
25 64 2029
25 65 2552
25 66 2468
25 67 2622
25 68 2686
25 69 2769
25 70 3050
25 71 2753
25 72 2888
25 73 3177
25 74 3704
25 75 3486
25 76 3373
25 77 3796
25 78 4405
25 79 4643
25 80 6817
25 81 4174
25 82 4057
25 83 4545
25 84 4200
25 85 4321
25 86 4376
25 87 4695
25 88 4812
25 89 5199
25 90 5225
25 91 5272
25 92 4510
25 93 4304
25 94 3857
25 95 5101
25 96 3860
26 27 706
26 28 622
26 29 5764
26 30 5968
26 31 5905
26 32 5821
26 33 4407
26 34 5064
26 35 5177
26 36 5671
26 37 5645
26 38 5440
26 39 4750
26 40 4447
26 41 4339
26 42 4238
26 43 4079
26 44 4302
26 45 3965
26 46 3305
26 47 2808
26 48 2601
26 49 3997
26 50 3571
26 51 3909
26 52 3541
26 53 3259
26 54 2536
26 55 3639
26 56 3348
26 57 3349
26 58 2834
26 59 2923
26 60 2234
26 61 2267
26 62 2089
26 63 1817
26 64 1791
26 65 1643
26 66 2086
26 67 2320
26 68 2391
26 69 3851
26 70 3973
26 71 3191
26 72 3278
26 73 3547
26 74 4037
26 75 3719
26 76 3417
26 77 3864
26 78 4575
26 79 5912
26 80 7856
26 81 4963
26 82 4779
26 83 5267
26 84 4609
26 85 4648
26 86 4706
26 87 5074
26 88 5037
26 89 5506
26 90 5594
26 91 5832
26 92 4265
26 93 3857
26 94 3211
26 95 4381
26 96 2820
27 28 555
27 29 5924
27 30 6078
27 31 5995
27 32 5886
27 33 4544
27 34 5131
27 35 5207
27 36 5696
27 37 5653
27 38 5406
27 39 4677
27 40 4390
27 41 4254
27 42 4162
27 43 4004
27 44 4354
27 45 4037
27 46 3336
27 47 2827
27 48 2625
27 49 3918
27 50 3473
27 51 3687
27 52 3374
27 53 3075
27 54 2297
27 55 3396
27 56 2967
27 57 2967
27 58 2488
27 59 2415
27 60 1783
27 61 1675
27 62 1503
27 63 1201
27 64 1094
27 65 1060
27 66 1382
27 67 1615
27 68 1686
27 69 3421
27 70 3465
27 71 2558
27 72 2632
27 73 2890
27 74 3364
27 75 3037
27 76 2718
27 77 3164
27 78 3879
27 79 5543
27 80 7329
27 81 4382
27 82 4180
27 83 4660
27 84 3942
27 85 3967
27 86 4025
27 87 4397
27 88 4342
27 89 4817
27 90 4912
27 91 5179
27 92 3567
27 93 3181
27 94 2569
27 95 3776
27 96 2342
28 29 6306
28 30 6487
28 31 6415
28 32 6317
28 33 4935
28 34 5560
28 35 5653
28 36 6146
28 37 6111
28 38 5880
28 39 5164
28 40 4870
28 41 4744
28 42 4648
28 43 4489
28 44 4787
28 45 4459
28 46 3774
28 47 3267
28 48 3061
28 49 4404
28 50 3964
28 51 4216
28 52 3887
28 53 3591
28 54 2824
28 55 3929
28 56 3519
28 57 3519
28 58 3036
28 59 2964
28 60 2338
28 61 2207
28 62 2038
28 63 1728
28 64 1530
28 65 1094
28 66 1713
28 67 1954
28 68 2021
28 69 3975
28 70 4012
28 71 3056
28 72 3117
28 73 3361
28 74 3811
28 75 3469
28 76 3107
28 77 3542
28 78 4265
28 79 6096
28 80 7864
28 81 4902
28 82 4691
28 83 5165
28 84 4393
28 85 4396
28 86 4454
28 87 4830
28 88 4734
28 89 5223
28 90 5332
28 91 5644
28 92 3817
28 93 3358
28 94 2671
28 95 3804
28 96 2205
29 30 414
29 31 522
29 32 697
29 33 1382
29 34 990
29 35 1119
29 36 986
29 37 1108
29 38 1429
29 39 1925
29 40 2012
29 41 2209
29 42 2233
29 43 2334
29 44 1676
29 45 1932
29 46 2643
29 47 3134
29 48 3324
29 49 2408
29 50 2788
29 51 3117
29 52 3071
29 53 3322
29 54 3991
29 55 3348
29 56 4134
29 57 4137
29 58 4184
29 59 4887
29 60 4841
29 61 5416
29 62 5415
29 63 5578
29 64 6069
29 65 6848
29 66 6482
29 67 6531
29 68 6571
29 69 4284
29 70 4788
29 71 5706
29 72 5846
29 73 6019
29 74 6364
29 75 6416
29 76 6641
29 77 6874
29 78 7087
29 79 3883
29 80 6099
29 81 5548
29 82 5682
29 83 5910
29 84 6486
29 85 6729
29 86 6754
29 87 6841
29 88 7241
29 89 7312
29 90 7188
29 91 6743
29 92 7857
29 93 7973
29 94 7824
29 95 8985
29 96 8134
30 31 159
30 32 373
30 33 1563
30 34 975
30 35 1005
30 36 702
30 37 825
30 38 1182
30 39 1799
30 40 1947
30 41 2141
30 42 2185
30 43 2307
30 44 1742
30 45 2043
30 46 2752
30 47 3257
30 48 3455
30 49 2387
30 50 2801
30 51 3039
30 52 3055
30 53 3327
30 54 4040
30 55 3295
30 56 4079
30 57 4082
30 58 4185
30 59 4859
30 60 4879
30 61 5442
30 62 5456
30 63 5642
30 64 6139
30 65 6961
30 66 6539
30 67 6570
30 68 6605
30 69 4173
30 70 4663
30 71 5655
30 72 5789
30 73 5943
30 74 6257
30 75 6336
30 76 6592
30 77 6796
30 78 6960
30 79 3576
30 80 5729
30 81 5348
30 82 5499
30 83 5695
30 84 6336
30 85 6584
30 86 6605
30 87 6667
30 88 7083
30 89 7121
30 90 6987
30 91 6511
30 92 7788
30 93 7946
30 94 7849
30 95 8977
30 96 8228
31 32 215
31 33 1511
31 34 871
31 35 871
31 36 544
31 37 667
31 38 1025
31 39 1656
31 40 1815
31 41 2007
31 42 2055
31 43 2181
31 44 1647
31 45 1959
31 46 2663
31 47 3170
31 48 3371
31 49 2263
31 50 2684
31 51 2901
31 52 2930
31 53 3206
31 54 3929
31 55 3160
31 56 3943
31 57 3946
31 58 4061
31 59 4728
31 60 4763
31 61 5322
31 62 5340
31 63 5532
31 64 6030
31 65 6865
31 66 6426
31 67 6452
31 68 6486
31 69 4027
31 70 4514
31 71 5518
31 72 5651
31 73 5801
31 74 6110
31 75 6193
31 76 6454
31 77 6653
31 78 6810
31 79 3421
31 80 5589
31 81 5191
31 82 5344
31 83 5537
31 84 6184
31 85 6432
31 86 6452
31 87 6511
31 88 6929
31 89 6965
31 90 6830
31 91 6353
31 92 7646
31 93 7812
31 94 7727
31 95 8847
31 96 8124
32 33 1462
32 34 758
32 35 706
32 36 331
32 37 453
32 38 813
32 39 1465
32 40 1642
32 41 1830
32 42 1884
32 43 2017
32 44 1533
32 45 1859
32 46 2550
32 47 3059
32 48 3262
32 49 2100
32 50 2530
32 51 2715
32 52 2763
32 53 3045
32 54 3782
32 55 2980
32 56 3760
32 57 3763
32 58 3895
32 59 4550
32 60 4608
32 61 5162
32 62 5185
32 63 5384
32 64 5884
32 65 6735
32 66 6274
32 67 6293
32 68 6326
32 69 3829
32 70 4313
32 71 5333
32 72 5464
32 73 5609
32 74 5910
32 75 6000
32 76 6268
32 77 6460
32 78 6606
32 79 3212
32 80 5402
32 81 4979
32 82 5133
32 83 5324
32 84 5977
32 85 6226
32 86 6245
32 87 6301
32 88 6721
32 89 6753
32 90 6617
32 91 6139
32 92 7454
32 93 7631
32 94 7561
32 95 8669
32 96 7983
33 34 762
33 35 984
33 36 1413
33 37 1443
33 38 1440
33 39 1280
33 40 1134
33 41 1286
33 42 1246
33 43 1267
33 44 516
33 45 602
33 46 1285
33 47 1761
33 48 1945
33 49 1309
33 50 1568
33 51 2084
33 52 1893
33 53 2088
33 54 2671
33 55 2237
33 56 2984
33 57 2988
33 58 2928
33 59 3665
33 60 3522
33 61 4106
33 62 4088
33 63 4229
33 64 4714
33 65 5470
33 66 5135
33 67 5200
33 68 5244
33 69 3261
33 70 3780
33 71 4509
33 72 4656
33 73 4863
33 74 5268
33 75 5262
33 76 5426
33 77 5708
33 78 6023
33 79 3581
33 80 6023
33 81 4724
33 82 4799
33 83 5122
33 84 5488
33 85 5715
33 86 5749
33 87 5902
33 88 6248
33 89 6408
33 90 6320
33 91 5988
33 92 6663
33 93 6711
33 94 6501
33 95 7691
33 96 6760
34 35 262
34 36 653
34 37 682
34 38 745
34 39 963
34 40 1023
34 41 1220
34 42 1245
34 43 1353
34 44 778
34 45 1102
34 46 1796
34 47 2304
34 48 2507
34 49 1429
34 50 1831
34 51 2128
34 52 2097
34 53 2360
34 54 3066
34 55 2362
34 56 3147
34 57 3151
34 58 3221
34 59 3910
34 60 3906
34 61 4471
34 62 4483
34 63 4667
34 64 5165
34 65 5994
34 66 5565
34 67 5597
34 68 5634
34 69 3297
34 70 3805
34 71 4722
34 72 4861
34 73 5030
34 74 5376
34 75 5427
34 76 5658
34 77 5885
34 78 6102
34 79 3127
34 80 5496
34 81 4604
34 82 4724
34 83 4978
34 84 5508
34 85 5749
34 86 5775
34 87 5875
34 88 6265
34 89 6355
34 90 6240
34 91 5827
34 92 6870
34 93 6999
34 94 6880
34 95 8021
34 96 7255
35 36 494
35 37 482
35 38 484
35 39 810
35 40 944
35 41 1137
35 42 1184
35 43 1313
35 44 878
35 45 1222
35 46 1880
35 47 2387
35 48 2593
35 49 1396
35 50 1825
35 51 2036
35 52 2060
35 53 2340
35 54 3077
35 55 2291
35 56 3075
35 57 3078
35 58 3192
35 59 3857
35 60 3903
35 61 4457
35 62 4479
35 63 4680
35 64 5180
35 65 6037
35 66 5569
35 67 5588
35 68 5621
35 69 3182
35 70 3680
35 71 4651
35 72 4786
35 73 4942
35 74 5266
35 75 5336
35 76 5588
35 77 5796
35 78 5979
35 79 2885
35 80 5240
35 81 4432
35 82 4563
35 83 4798
35 84 5370
35 85 5615
35 86 5639
35 87 5722
35 88 6124
35 89 6193
35 90 6072
35 91 5639
35 92 6786
35 93 6943
35 94 6859
35 95 7976
35 96 7280
36 37 125
36 38 483
36 39 1167
36 40 1374
36 41 1554
36 42 1618
36 43 1760
36 44 1371
36 45 1713
36 46 2373
36 47 2879
36 48 3085
36 49 1846
36 50 2286
36 51 2419
36 52 2497
36 53 2787
36 54 3541
36 55 2693
36 56 3466
36 57 3469
36 58 3626
36 59 4264
36 60 4355
36 61 4898
36 62 4929
36 63 5140
36 64 5640
36 65 6513
36 66 6021
36 67 6031
36 68 6061
36 69 3515
36 70 3994
36 71 5034
36 72 5163
36 73 5302
36 74 5593
36 75 5690
36 76 5968
36 77 6150
36 78 6284
36 79 2899
36 80 5134
36 81 4649
36 82 4804
36 83 4994
36 84 5651
36 85 5901
36 86 5920
36 87 5972
36 88 6394
36 89 6423
36 90 6287
36 91 5809
36 92 7145
36 93 7336
36 94 7288
36 95 8379
36 96 7745
37 38 367
37 39 1079
37 40 1304
37 41 1477
37 42 1547
37 43 1693
37 44 1355
37 45 1700
37 46 2342
37 47 2845
37 48 3052
37 49 1779
37 50 2223
37 51 2328
37 52 2423
37 53 2716
37 54 3477
37 55 2606
37 56 3375
37 57 3378
37 58 3548
37 59 4176
37 60 4283
37 61 4821
37 62 4856
37 63 5073
37 64 5573
37 65 6455
37 66 5949
37 67 5954
37 68 5983
37 69 3411
37 70 3886
37 71 4939
37 72 5067
37 73 5201
37 74 5486
37 75 5587
37 76 5871
37 77 6047
37 78 6172
37 79 2776
37 80 5020
37 81 4529
37 82 4686
37 83 4873
37 84 5537
37 85 5787
37 86 5806
37 87 5855
37 88 6278
37 89 6303
37 90 6167
37 91 5686
37 92 7043
37 93 7241
37 94 7205
37 95 8287
37 96 7679
38 39 756
38 40 1019
38 41 1173
38 42 1255
38 43 1409
38 44 1222
38 45 1563
38 46 2142
38 47 2632
38 48 2839
38 49 1496
38 50 1944
38 51 1987
38 52 2115
38 53 2414
38 54 3188
38 55 2272
38 56 3031
38 57 3034
38 58 3229
38 59 3837
38 60 3976
38 61 4502
38 62 4545
38 63 4772
38 64 5272
38 65 6173
38 66 5638
38 67 5634
38 68 5661
38 69 3050
38 70 3522
38 71 4588
38 72 4714
38 73 4843
38 74 5123
38 75 5228
38 76 5519
38 77 5688
38 78 5807
38 79 2468
38 80 4778
38 81 4167
38 82 4321
38 83 4513
38 84 5171
38 85 5421
38 86 5439
38 87 5490
38 88 5912
38 89 5940
38 90 5805
38 91 5333
38 92 6683
38 93 6892
38 94 6873
38 95 7941
38 96 7377
39 40 311
39 41 424
39 42 516
39 43 676
39 44 833
39 45 1094
39 46 1503
39 47 1959
39 48 2162
39 49 760
39 50 1205
39 51 1253
39 52 1360
39 53 1660
39 54 2437
39 55 1527
39 56 2300
39 57 2303
39 58 2475
39 59 3098
39 60 3220
39 61 3749
39 62 3790
39 63 4017
39 64 4516
39 65 5422
39 66 4883
39 67 4881
39 68 4909
39 69 2375
39 70 2871
39 71 3870
39 72 4001
39 73 4146
39 74 4460
39 75 4538
39 76 4805
39 77 4998
39 78 5170
39 79 2301
39 80 4748
39 81 3642
39 82 3763
39 83 4017
39 84 4561
39 85 4806
39 86 4830
39 87 4918
39 88 5316
39 89 5395
39 90 5278
39 91 4868
39 92 5991
39 93 6170
39 94 6127
39 95 7213
39 96 6622
40 41 197
40 42 244
40 43 392
40 44 633
40 45 831
40 46 1192
40 47 1651
40 48 1855
40 49 479
40 50 926
40 51 1106
40 52 1124
40 53 1414
40 54 2176
40 55 1349
40 56 2134
40 57 2138
40 58 2255
40 59 2913
40 60 2981
40 61 3525
40 62 3555
40 63 3769
40 64 4270
40 65 5158
40 66 4648
40 67 4658
40 68 4689
40 69 2278
40 70 2789
40 71 3711
40 72 3847
40 73 4011
40 74 4354
40 75 4407
40 76 4647
40 77 4865
40 78 5082
40 79 2488
40 80 4950
40 81 3641
40 82 3741
40 83 4030
40 84 4497
40 85 4736
40 86 4764
40 87 4878
40 88 5257
40 89 5368
40 90 5263
40 91 4891
40 92 5853
40 93 5999
40 94 5920
40 95 7032
40 96 6376
41 42 107
41 43 262
41 44 773
41 45 906
41 46 1140
41 47 1565
41 48 1764
41 49 342
41 50 782
41 51 909
41 52 947
41 53 1242
41 54 2016
41 55 1154
41 56 1939
41 57 1943
41 58 2073
41 59 2721
41 60 2808
41 61 3345
41 62 3380
41 63 3601
41 64 4101
41 65 5000
41 66 4473
41 67 4478
41 68 4508
41 69 2083
41 70 2594
41 71 3516
41 72 3651
41 73 3814
41 74 4157
41 75 4210
41 76 4452
41 77 4669
41 78 4887
41 79 2397
41 80 4862
41 81 3461
41 82 3555
41 83 3852
41 84 4304
41 85 4542
41 86 4570
41 87 4688
41 88 5064
41 89 5180
41 90 5078
41 91 4716
41 92 5656
41 93 5806
41 94 5735
41 95 6841
41 96 6207
42 43 160
42 44 731
42 45 828
42 46 1033
42 47 1460
42 48 1660
42 49 245
42 50 691
42 51 891
42 52 881
42 53 1170
42 54 1936
42 55 1117
42 56 1903
42 57 1907
42 58 2012
42 59 2675
42 60 2738
42 61 3281
42 62 3312
42 63 3527
42 64 4027
42 65 4919
42 66 4404
42 67 4414
42 68 4445
42 69 2075
42 70 2590
42 71 3479
42 72 3616
42 73 3786
42 74 4140
42 75 4184
42 76 4415
42 77 4641
42 78 4875
42 79 2482
42 80 4947
42 81 3484
42 82 3570
42 83 3879
42 84 4302
42 85 4538
42 86 4567
42 87 4694
42 88 5063
42 89 5191
42 90 5093
42 91 4744
42 92 5626
42 93 5763
42 94 5677
42 95 6793
42 96 6133
43 44 758
43 45 785
43 46 892
43 47 1304
43 48 1503
43 49 87
43 50 535
43 51 824
43 52 749
43 53 1029
43 54 1785
43 55 1019
43 56 1801
43 57 1805
43 58 1880
43 59 2558
43 60 2596
43 61 3145
43 62 3171
43 63 3381
43 64 3882
43 65 4767
43 66 4262
43 67 4277
43 68 4309
43 69 2010
43 70 2528
43 71 3372
43 72 3512
43 73 3690
43 74 4058
43 75 4089
43 76 4307
43 77 4545
43 78 4800
43 79 2566
43 80 5026
43 81 3459
43 82 3533
43 83 3859
43 84 4241
43 85 4473
43 86 4504
43 87 4643
43 88 5002
43 89 5146
43 90 5054
43 91 4727
43 92 5525
43 93 5647
43 94 5546
43 95 6672
43 96 5986
44 45 347
44 46 1019
44 47 1527
44 48 1730
44 49 808
44 50 1125
44 51 1580
44 52 1431
44 53 1659
44 54 2317
44 55 1754
44 56 2519
44 57 2523
44 58 2517
44 59 3236
44 60 3165
44 61 3740
44 62 3740
44 63 3911
44 64 4405
44 65 5220
44 66 4813
44 67 4856
44 68 4896
44 69 2764
44 70 3283
44 71 4070
44 72 4215
44 73 4408
44 74 4796
44 75 4808
44 76 4998
44 77 5259
44 78 5544
44 79 3113
44 80 5570
44 81 4210
44 82 4290
44 83 4607
44 84 4995
44 85 5225
44 86 5257
44 87 5400
44 88 5756
44 89 5903
44 90 5811
44 91 5473
44 92 6228
44 93 6311
44 94 6149
44 95 7313
44 96 6488
45 46 714
45 47 1215
45 48 1413
45 49 800
45 50 980
45 51 1554
45 52 1312
45 53 1491
45 54 2076
45 55 1671
45 56 2398
45 57 2402
45 58 2327
45 59 3065
45 60 2929
45 61 3511
45 62 3497
45 63 3650
45 64 4139
45 65 4926
45 66 4555
45 67 4612
45 68 4655
45 69 2706
45 70 3223
45 71 3910
45 72 4058
45 73 4268
45 74 4682
45 75 4667
45 76 4825
45 77 5111
45 78 5441
45 79 3302
45 80 5767
45 81 4213
45 82 4269
45 83 4618
45 84 4922
45 85 5144
45 86 5180
45 87 5348
45 88 5680
45 89 5860
45 90 5781
45 91 5485
45 92 6064
45 93 6111
45 94 5911
45 95 7095
45 96 6205
46 47 509
46 48 714
46 49 834
46 50 629
46 51 1314
46 52 919
46 53 965
46 54 1399
46 55 1298
46 56 1892
46 57 1897
46 58 1712
46 59 2461
46 60 2246
46 61 2831
46 62 2807
46 63 2945
46 64 3431
46 65 4213
46 66 3851
46 67 3916
46 68 3961
46 69 2302
46 70 2798
46 71 3310
46 72 3461
46 73 3692
46 74 4141
46 75 4086
46 76 4201
46 77 4516
46 78 4906
46 79 3384
46 80 5814
46 81 3877
46 82 3890
46 83 4288
46 84 4442
46 85 4648
46 86 4688
46 87 4895
46 88 5187
46 89 5418
46 90 5363
46 91 5146
46 92 5442
46 93 5450
46 94 5218
46 95 6415
46 96 5492
47 48 208
47 49 1230
47 50 870
47 51 1466
47 52 1023
47 53 908
47 54 1025
47 55 1341
47 56 1736
47 57 1740
47 58 1428
47 59 2161
47 60 1835
47 61 2418
47 62 2374
47 63 2485
47 64 2961
47 65 3715
47 66 3388
47 67 3469
47 68 3518
47 69 2225
47 70 2679
47 71 2996
47 72 3148
47 73 3399
47 74 3878
47 75 3783
47 76 3848
47 77 4193
47 78 4642
47 79 3627
47 80 5996
47 81 3807
47 82 3782
47 83 4216
47 84 4234
47 85 4423
47 86 4467
47 87 4707
47 88 4958
47 89 5234
47 90 5199
47 91 5051
47 92 5084
47 93 5046
47 94 4770
47 95 5984
47 96 5001
48 49 1427
48 50 1047
48 51 1602
48 52 1160
48 53 998
48 54 947
48 55 1446
48 56 1750
48 57 1754
48 58 1388
48 59 2097
48 60 1712
48 61 2289
48 62 2233
48 63 2326
48 64 2793
48 65 3525
48 66 3225
48 67 3314
48 68 3365
48 69 2264
48 70 2694
48 71 2917
48 72 3069
48 73 3328
48 74 3819
48 75 3705
48 76 3746
48 77 4104
48 78 4580
48 79 3769
48 80 6111
48 81 3834
48 82 3794
48 83 4240
48 84 4200
48 85 4380
48 86 4426
48 87 4680
48 88 4912
48 89 5206
48 90 5181
48 91 5063
48 92 4975
48 93 4914
48 94 4614
48 95 5835
48 96 4816
49 50 449
49 51 776
49 52 669
49 53 945
49 54 1699
49 55 953
49 56 1731
49 57 1735
49 58 1798
49 59 2482
49 60 2511
49 61 3062
49 62 3086
49 63 3295
49 64 3796
49 65 4680
49 66 4177
49 67 4193
49 68 4226
49 69 1957
49 70 2476
49 71 3300
49 72 3440
49 73 3622
49 74 3996
49 75 4021
49 76 4233
49 77 4476
49 78 4741
49 79 2593
49 80 5048
49 81 3425
49 82 3493
49 83 3827
49 84 4187
49 85 4418
49 86 4450
49 87 4595
49 88 4949
49 89 5100
49 90 5012
49 91 4695
49 92 5454
49 93 5571
49 94 5464
49 95 6593
49 96 5900
50 51 686
50 52 335
50 53 535
50 54 1256
50 55 711
50 56 1418
50 57 1422
50 58 1396
50 59 2112
50 60 2080
50 61 2642
50 62 2657
50 63 2856
50 64 3357
50 65 4234
50 66 3745
50 67 3769
50 68 3804
50 69 1746
50 70 2259
50 71 2949
50 72 3094
50 73 3296
50 74 3703
50 75 3696
50 76 3874
50 77 4143
50 78 4461
50 79 2784
50 80 5196
50 81 3294
50 82 3328
50 83 3704
50 84 3947
50 85 4167
50 86 4203
50 87 4380
50 88 4703
50 89 4897
50 90 4826
50 91 4568
50 92 5106
50 93 5189
50 94 5050
50 95 6198
50 96 5460
51 52 444
51 53 662
51 54 1393
51 55 303
51 56 1048
51 57 1051
51 58 1285
51 59 1851
51 60 2056
51 61 2542
51 62 2604
51 63 2860
51 64 3351
51 65 4301
51 66 3688
51 67 3666
51 68 3688
51 69 1187
51 70 1705
51 71 2619
51 72 2751
51 73 2907
51 74 3251
51 75 3303
51 76 3554
51 77 3762
51 78 3985
51 79 2168
51 80 4535
51 81 2660
51 82 2720
51 83 3065
51 84 3418
51 85 3652
51 86 3682
51 87 3821
51 88 4179
51 89 4325
51 90 4237
51 91 3933
51 92 4751
51 93 4918
51 94 4888
51 95 5961
51 96 5441
52 53 304
52 54 1091
52 55 383
52 56 1092
52 57 1096
52 58 1132
52 59 1817
52 60 1862
52 61 2401
52 62 2434
52 63 2657
52 64 3157
52 65 4068
52 66 3527
52 67 3534
52 68 3565
52 69 1413
52 70 1924
52 71 2643
52 72 2786
52 73 2978
52 74 3376
52 75 3379
52 76 3573
52 77 3829
52 78 4132
52 79 2610
52 80 4975
52 81 2969
52 82 2996
52 83 3380
52 84 3613
52 85 3834
52 86 3869
52 87 4045
52 88 4370
52 89 4562
52 90 4492
52 91 4241
52 92 4800
52 93 4904
52 94 4799
52 95 5925
52 96 5262
53 54 787
53 55 451
53 56 931
53 57 936
53 58 862
53 59 1580
53 60 1568
53 61 2117
53 62 2142
53 63 2359
53 64 2859
53 65 3765
53 66 3234
53 67 3249
53 68 3282
53 69 1350
53 70 1836
53 71 2422
53 72 2568
53 73 2778
53 74 3203
53 75 3177
53 76 3343
53 77 3621
53 78 3966
53 79 2806
53 80 5115
53 81 2934
53 82 2933
53 83 3345
53 84 3481
53 85 3692
53 86 3731
53 87 3931
53 88 4230
53 89 4454
53 90 4398
53 91 4195
53 92 4578
53 93 4654
53 94 4522
53 95 5664
53 96 4965
54 55 1109
54 56 960
54 57 963
54 58 480
54 59 1151
54 60 853
54 61 1436
54 62 1424
54 63 1604
54 64 2103
54 65 2985
54 66 2499
54 67 2541
54 68 2581
54 69 1514
54 70 1856
54 71 1974
54 72 2126
54 73 2383
54 74 2873
54 75 2762
54 76 2826
54 77 3169
54 78 3633
54 79 3401
54 80 5548
54 81 3004
54 82 2929
54 83 3397
54 84 3266
54 85 3439
54 86 3486
54 87 3751
54 88 3969
54 89 4275
54 90 4260
54 91 4188
54 92 4064
54 93 4053
54 94 3837
54 95 5021
54 96 4205
55 56 787
55 57 790
55 58 983
55 59 1572
55 60 1754
55 61 2244
55 62 2303
55 63 2557
55 64 3049
55 65 3998
55 66 3389
55 67 3370
55 68 3394
55 69 1037
55 70 1553
55 71 2363
55 72 2500
55 73 2672
55 74 3044
55 75 3071
55 76 3299
55 77 3527
55 78 3792
55 79 2363
55 80 4666
55 81 2587
55 82 2617
55 83 2997
55 84 3253
55 85 3479
55 86 3513
55 87 3677
55 88 4013
55 89 4191
55 90 4117
55 91 3860
55 92 4510
55 93 4653
55 94 4602
55 95 5690
55 96 5140
56 57 5
56 58 527
56 59 813
56 60 1195
56 61 1569
56 62 1665
56 63 1956
56 64 2419
56 65 3402
56 66 2710
56 67 2661
56 68 2677
56 69 554
56 70 945
56 71 1577
56 72 1714
56 73 1891
56 74 2285
56 75 2291
56 76 2514
56 77 2745
56 78 3044
56 79 2579
56 80 4603
56 81 2086
56 82 2047
56 83 2490
56 84 2551
56 85 2761
56 86 2800
56 87 3004
56 88 3300
56 89 3528
56 90 3479
56 91 3317
56 92 3725
56 93 3872
56 94 3852
56 95 4914
56 96 4462
57 58 528
57 59 810
57 60 1194
57 61 1567
57 62 1663
57 63 1955
57 64 2417
57 65 3401
57 66 2708
57 67 2659
57 68 2675
57 69 551
57 70 941
57 71 1574
57 72 1710
57 73 1887
57 74 2281
57 75 2287
57 76 2510
57 77 2741
57 78 3040
57 79 2579
57 80 4601
57 81 2082
57 82 2043
57 83 2487
57 84 2547
57 85 2757
57 86 2796
57 87 3000
57 88 3296
57 89 3524
57 90 3475
57 91 3313
57 92 3721
57 93 3868
57 94 3850
57 95 4910
57 96 4460
58 59 749
58 60 774
58 61 1274
58 62 1323
58 63 1576
58 64 2067
58 65 3021
58 66 2412
58 67 2407
58 68 2436
58 69 1071
58 70 1379
58 71 1599
58 72 1749
58 73 1985
58 74 2452
58 75 2376
58 76 2500
58 77 2805
58 78 3217
58 79 3081
58 80 5127
58 81 2525
58 82 2449
58 83 2918
58 84 2813
58 85 2996
58 86 3042
58 87 3292
58 88 3531
58 89 3818
58 90 3795
58 91 3709
58 92 3740
58 93 3795
58 94 3667
58 95 4802
58 96 4161
59 60 710
59 61 822
59 62 958
59 63 1272
59 64 1682
59 65 2674
59 66 1926
59 67 1859
59 68 1872
59 69 1066
59 70 1055
59 71 850
59 72 1000
59 73 1239
59 74 1723
59 75 1628
59 76 1763
59 77 2056
59 78 2484
59 79 3204
59 80 4935
59 81 2084
59 82 1942
59 83 2434
59 84 2132
59 85 2294
59 86 2343
59 87 2624
59 88 2821
59 89 3144
59 90 3143
59 91 3148
59 92 2999
59 93 3090
59 94 3041
59 95 4120
59 96 3668
60 61 586
60 62 577
60 63 804
60 64 1300
60 65 2248
60 66 1667
60 67 1692
60 68 1731
60 69 1640
60 70 1744
60 71 1305
60 72 1448
60 73 1732
60 74 2256
60 75 2069
60 76 2046
60 77 2430
60 78 2981
60 79 3762
60 80 5625
60 81 2793
60 82 2645
60 83 3138
60 84 2738
60 85 2866
60 86 2920
60 87 3234
60 88 3368
60 89 3741
60 90 3764
60 91 3825
60 92 3267
60 93 3213
60 94 2985
60 95 4170
60 96 3402
61 62 178
61 63 479
61 64 862
61 65 1854
61 66 1148
61 67 1134
61 68 1165
61 69 1887
61 70 1824
61 71 946
61 72 1058
61 73 1345
61 74 1869
61 75 1620
61 76 1513
61 77 1925
61 78 2538
61 79 4024
61 80 5658
61 81 2709
61 82 2515
61 83 3001
61 84 2408
61 85 2494
61 86 2550
61 87 2895
61 88 2959
61 89 3375
61 90 3427
61 91 3588
61 92 2707
61 93 2629
61 94 2410
61 95 3586
61 96 2902
62 63 317
62 64 755
62 65 1739
62 66 1094
62 67 1117
62 68 1158
62 69 2017
62 70 1982
62 71 1120
62 72 1227
62 73 1512
62 74 2033
62 75 1772
62 76 1633
62 77 2057
62 78 2688
62 79 4159
62 80 5828
62 81 2884
62 82 2692
62 83 3179
62 84 2578
62 85 2658
62 86 2715
62 87 3063
62 88 3115
62 89 3538
62 90 3594
62 91 3763
62 92 2800
62 93 2684
62 94 2414
62 95 3612
62 96 2839
63 64 501
63 65 1450
63 66 906
63 67 993
63 68 1048
63 69 2328
63 70 2298
63 71 1374
63 72 1464
63 73 1738
63 74 2244
63 75 1953
63 76 1742
63 77 2184
63 78 2852
63 79 4470
63 80 6137
63 81 3181
63 82 2981
63 83 3464
63 84 2806
63 85 2865
63 86 2923
63 87 3282
63 88 3296
63 89 3739
63 90 3809
63 91 4017
63 92 2836
63 93 2647
63 94 2289
63 95 3516
63 96 2607
64 65 993
64 66 443
64 67 604
64 68 673
64 69 2747
64 70 2650
64 71 1551
64 72 1598
64 73 1833
64 74 2284
64 75 1948
64 76 1627
64 77 2075
64 78 2786
64 79 4880
64 80 6405
64 81 3417
64 82 3192
64 83 3655
64 84 2865
64 85 2879
64 86 2937
64 87 3310
64 88 3249
64 89 3724
64 90 3821
64 91 4114
64 92 2567
64 93 2286
64 94 1843
64 95 3084
64 96 2106
65 66 872
65 67 1081
65 68 1130
65 69 3739
65 70 3625
65 71 2453
65 72 2464
65 73 2649
65 74 3013
65 75 2650
65 76 2222
65 77 2620
65 78 3338
65 79 5870
65 80 7296
65 81 4307
65 82 4064
65 83 4499
65 84 3586
65 85 3541
65 86 3596
65 87 3973
65 88 3805
65 89 4307
65 90 4442
65 91 4841
65 92 2756
65 93 2269
65 94 1578
65 95 2740
65 96 1308
66 67 242
66 68 310
66 69 2975
66 70 2804
66 71 1592
66 72 1596
66 73 1779
66 74 2159
66 75 1801
66 76 1403
66 77 1832
66 78 2555
66 79 5074
66 80 6425
66 81 3437
66 82 3193
66 83 3629
66 84 2738
66 85 2712
66 86 2769
66 87 3147
66 88 3024
66 89 3517
66 90 3635
66 91 3996
66 92 2192
66 93 1864
66 94 1401
66 95 2642
66 96 1755
67 68 72
67 69 2883
67 70 2675
67 71 1429
67 72 1415
67 73 1576
67 74 1934
67 75 1573
67 76 1165
67 77 1591
67 78 2314
67 79 4953
67 80 6229
67 81 3247
67 82 2998
67 83 3424
67 84 2510
67 85 2477
67 86 2534
67 87 2912
67 88 2783
67 89 3277
67 90 3397
67 91 3767
67 92 1973
67 93 1684
67 94 1303
67 95 2524
67 96 1813
68 69 2886
68 70 2665
68 71 1409
68 72 1388
68 73 1539
68 74 1884
68 75 1521
68 76 1105
68 77 1527
68 78 2250
68 79 4944
68 80 6191
68 81 3214
68 82 2963
68 83 3383
68 84 2457
68 85 2420
68 86 2476
68 87 2854
68 88 2719
68 89 3215
68 90 3336
68 91 3714
68 92 1902
68 93 1619
68 94 1257
68 95 2471
68 96 1809
69 70 520
69 71 1595
69 72 1702
69 73 1799
69 74 2085
69 75 2179
69 76 2496
69 77 2638
69 78 2805
69 79 2143
69 80 4058
69 81 1585
69 82 1588
69 83 1996
69 84 2232
69 85 2465
69 86 2495
69 87 2643
69 88 2993
69 89 3155
69 90 3080
69 91 2846
69 92 3634
69 93 3875
69 94 3971
69 95 4934
69 96 4695
70 71 1280
70 72 1354
70 73 1386
70 74 1601
70 75 1739
70 76 2107
70 77 2191
70 78 2300
70 79 2279
70 80 3883
70 81 1149
70 82 1104
70 83 1549
70 84 1713
70 85 1949
70 86 1978
70 87 2125
70 88 2475
70 89 2639
70 90 2569
70 91 2373
70 92 3182
70 93 3474
70 94 3649
70 95 4534
70 96 4460
71 72 152
71 73 427
71 74 953
71 75 788
71 76 937
71 77 1207
71 78 1681
71 79 3552
71 80 4859
71 81 1868
71 82 1641
71 83 2110
71 84 1466
71 85 1570
71 86 1625
71 87 1957
71 88 2064
71 89 2450
71 90 2490
71 91 2646
71 92 2158
71 93 2304
71 94 2382
71 95 3356
71 96 3184
72 73 290
72 74 818
72 75 637
72 76 805
72 77 1056
72 78 1535
72 79 3610
72 80 4834
72 81 1843
72 82 1605
72 83 2059
72 84 1351
72 85 1440
72 86 1496
72 87 1837
72 88 1925
72 89 2322
72 90 2369
72 91 2554
72 92 2015
72 93 2180
72 94 2296
72 95 3237
72 96 3134
73 74 529
73 75 401
73 76 724
73 77 856
73 78 1258
73 79 3580
73 80 4653
73 81 1679
73 82 1424
73 83 1851
73 84 1069
73 85 1151
73 86 1207
73 87 1551
73 88 1638
73 89 2032
73 90 2082
73 91 2290
73 92 1845
73 93 2089
73 94 2303
73 95 3149
73 96 3212
74 75 366
74 76 836
74 77 660
74 78 767
74 79 3598
74 80 4364
74 81 1498
74 82 1228
74 83 1556
74 84 583
74 85 626
74 86 682
74 87 1039
74 88 1113
74 89 1507
74 90 1566
74 91 1839
74 92 1605
74 93 1997
74 94 2383
74 95 3030
74 96 3389
75 76 481
75 77 461
75 78 920
75 79 3858
75 80 4724
75 81 1824
75 82 1555
75 83 1912
75 84 938
75 85 931
75 86 989
75 87 1363
75 88 1346
75 89 1791
75 90 1876
75 91 2196
75 92 1456
75 93 1750
75 94 2061
75 95 2805
75 96 3042
76 77 450
76 78 1162
76 79 4295
76 80 5200
76 81 2301
76 82 2033
76 83 2390
76 84 1379
76 85 1319
76 86 1375
76 87 1752
76 88 1628
76 89 2116
76 90 2233
76 91 2625
76 92 1242
76 93 1380
76 94 1596
76 95 2439
76 96 2562
77 78 724
77 79 4256
77 80 4932
77 81 2147
77 82 1877
77 83 2160
77 84 1077
77 85 956
77 86 1006
77 87 1372
77 88 1193
77 89 1690
77 90 1822
77 91 2270
77 92 996
77 93 1338
77 94 1760
77 95 2377
77 96 2804
78 79 4068
78 80 4382
78 81 1869
78 82 1624
78 83 1749
78 84 688
78 85 446
78 86 462
78 87 736
78 88 470
78 89 970
78 90 1115
78 91 1638
78 92 1164
78 93 1731
78 94 2327
78 95 2641
78 96 3409
79 80 2466
79 81 2202
79 82 2446
79 83 2413
79 84 3381
79 85 3626
79 86 3620
79 87 3525
79 88 3998
79 89 3860
79 90 3682
79 91 3091
79 92 5171
79 93 5593
79 94 5882
79 95 6625
79 96 6736
80 81 2993
80 82 3232
80 83 2815
80 84 3855
80 85 4000
80 86 3959
80 87 3647
80 88 4046
80 89 3631
80 90 3420
80 91 2771
80 92 5511
80 93 6109
80 94 6682
80 95 6927
80 96 7735
81 82 271
81 83 412
81 84 1183
81 85 1425
81 86 1419
81 87 1356
81 88 1816
81 89 1775
81 90 1641
81 91 1275
81 92 2994
81 93 3469
81 94 3879
81 95 4467
81 96 4861
82 83 494
82 84 936
82 85 1184
82 86 1184
82 87 1170
82 88 1611
82 89 1632
82 90 1524
82 91 1270
82 92 2735
82 93 3202
82 94 3609
82 95 4204
82 96 4594
83 84 1105
83 85 1310
83 86 1287
83 87 1121
83 88 1597
83 89 1461
83 90 1303
83 91 868
83 92 2909
83 93 3436
83 94 3919
83 95 4388
83 96 4943
84 85 254
84 86 269
84 87 496
84 88 762
84 89 1012
84 90 1027
84 91 1259
84 92 1820
84 93 2332
84 94 2833
84 95 3298
84 96 3880
85 86 59
85 87 435
85 88 539
85 89 882
85 90 947
85 91 1316
85 92 1600
85 93 2139
85 94 2683
85 95 3079
85 96 3748
86 87 378
86 88 501
86 89 826
86 90 889
86 91 1265
86 92 1623
86 93 2172
86 94 2726
86 95 3101
86 96 3793
87 88 477
87 89 527
87 90 533
87 91 908
87 92 1876
87 93 2463
87 94 3059
87 95 3335
87 96 4136
88 89 507
88 90 674
88 91 1276
88 92 1468
88 93 2083
88 94 2736
88 95 2896
88 96 3823
89 90 213
89 91 891
89 92 1926
89 93 2555
89 94 3229
89 95 3298
89 96 4317
90 91 680
90 92 2123
90 93 2748
90 94 3409
90 95 3507
90 96 4497
91 92 2742
91 93 3349
91 94 3964
91 95 4163
91 96 5043
92 93 637
92 94 1371
92 95 1480
92 96 2440
93 94 765
93 95 1061
93 96 1810
94 95 1245
94 96 1089
95 96 1744
